{
 "cells": [
  {
   "cell_type": "code",
   "execution_count": null,
   "id": "6304caef-44b9-4742-ab5b-6ceb0aaca548",
   "metadata": {},
   "outputs": [],
   "source": [
    "\"\"\"\n",
    "\n",
    "Prepare clean stereographic grid for Justine's file with bounds and so on\n",
    "\n",
    "\"\"\""
   ]
  },
  {
   "cell_type": "code",
   "execution_count": 2,
   "id": "8081ba4b-d875-4803-b69a-4cd62976a905",
   "metadata": {},
   "outputs": [],
   "source": [
    "import xarray as xr\n",
    "from cdo import Cdo\n",
    "import multimelt.useful_functions as uf\n",
    "from tqdm.notebook import tqdm\n",
    "import numpy as np"
   ]
  },
  {
   "cell_type": "code",
   "execution_count": 3,
   "id": "fa54c841-8f7f-41da-9bb2-8c35eec4d78e",
   "metadata": {},
   "outputs": [],
   "source": [
    "inputpath_raw = '/data/cburgard/PREPARE_FORCING/PREPARE_CAVITY_MASKS/raw/'\n",
    "inputpath_interim = '/data/cburgard/PREPARE_FORCING/PREPARE_CAVITY_MASKS/interim/'"
   ]
  },
  {
   "cell_type": "code",
   "execution_count": 4,
   "id": "fd41bff9-2be2-4e29-9e7f-edc18e309f36",
   "metadata": {},
   "outputs": [],
   "source": [
    "nemo_grid_file = xr.open_dataset(inputpath_interim + 'NEMO_gridT_eORCA1_cdo.nc')"
   ]
  },
  {
   "cell_type": "code",
   "execution_count": 5,
   "id": "e5543e68-3e9b-4a81-8258-cc2da90f910c",
   "metadata": {},
   "outputs": [],
   "source": [
    "ISMIP_2km_grid = xr.open_dataset(inputpath_raw + 'Mask_Iceshelf_IMBIE2_v2.nc')"
   ]
  },
  {
   "cell_type": "code",
   "execution_count": 6,
   "id": "6f0c16f9-064c-48cf-981c-9ac86f999272",
   "metadata": {},
   "outputs": [],
   "source": [
    "meshx,meshy = np.meshgrid(ISMIP_2km_grid.x,ISMIP_2km_grid.y)"
   ]
  },
  {
   "cell_type": "code",
   "execution_count": 7,
   "id": "09eab342-d2c7-45c4-9123-28ad404a8184",
   "metadata": {},
   "outputs": [],
   "source": [
    "half_res = 1000."
   ]
  },
  {
   "cell_type": "code",
   "execution_count": 8,
   "id": "f5fd9d38-de88-4675-9cd3-c5f8df3d8a93",
   "metadata": {},
   "outputs": [],
   "source": [
    "meshlon_ll,meshlat_ll = uf.change_coord_stereo_to_latlon(meshx - half_res, meshy - half_res)\n",
    "meshlon_lr,meshlat_lr = uf.change_coord_stereo_to_latlon(meshx + half_res, meshy - half_res)\n",
    "meshlon_ur,meshlat_ur = uf.change_coord_stereo_to_latlon(meshx + half_res, meshy + half_res)\n",
    "meshlon_ul,meshlat_ul = uf.change_coord_stereo_to_latlon(meshx - half_res, meshy + half_res)"
   ]
  },
  {
   "cell_type": "code",
   "execution_count": 9,
   "id": "38d2470f-324a-4c6a-9b98-e75026a552ce",
   "metadata": {},
   "outputs": [],
   "source": [
    "meshlon,meshlat = uf.change_coord_stereo_to_latlon(meshx, meshy)"
   ]
  },
  {
   "cell_type": "code",
   "execution_count": 10,
   "id": "77c71ecd-3d87-4e6f-8821-e3c340313b6d",
   "metadata": {},
   "outputs": [],
   "source": [
    "lon_bnds = xr.DataArray(data=np.array([meshlon_ll, meshlon_lr, meshlon_ur, meshlon_ul]), dims=['nv4','y','x'])\n",
    "lat_bnds = xr.DataArray(data=np.array([meshlat_ll, meshlat_lr, meshlat_ur, meshlat_ul]), dims=['nv4','y','x'])"
   ]
  },
  {
   "cell_type": "code",
   "execution_count": 11,
   "id": "beb456bc-d6f6-4158-a7fb-78821b1d44ab",
   "metadata": {},
   "outputs": [],
   "source": [
    "lon = xr.DataArray(data=np.array(meshlon), dims=['y','x'])\n",
    "lat = xr.DataArray(data=np.array(meshlat), dims=['y','x'])"
   ]
  },
  {
   "cell_type": "code",
   "execution_count": 12,
   "id": "b924bcbb-8974-42e6-a2ce-c00dcaa1dfc9",
   "metadata": {},
   "outputs": [],
   "source": [
    "ISMIP_2km_new_grid = xr.merge([lon_bnds.rename('lon_bnds'),lat_bnds.rename('lat_bnds')]).assign_coords({'lon': lon, 'lat': lat, 'y': ISMIP_2km_grid.y, 'x': ISMIP_2km_grid.x})"
   ]
  },
  {
   "cell_type": "code",
   "execution_count": 27,
   "id": "698e24db-14ea-4541-bc27-5e554ae3cc04",
   "metadata": {},
   "outputs": [],
   "source": [
    "ISMIP_2km_new_grid['lon'].attrs['standard_name'] = 'longitude'\n",
    "ISMIP_2km_new_grid['lon'].attrs['units'] = 'degrees_east'\n",
    "ISMIP_2km_new_grid['lon'].attrs['bounds'] = 'lon_bnds'\n",
    "\n",
    "ISMIP_2km_new_grid['lat'].attrs['standard_name'] = 'latitude'\n",
    "ISMIP_2km_new_grid['lat'].attrs['units'] = 'degrees_north'\n",
    "ISMIP_2km_new_grid['lat'].attrs['bounds'] = 'lat_bnds'\n"
   ]
  },
  {
   "cell_type": "code",
   "execution_count": 29,
   "id": "d0b31c65-4a97-48fc-878a-84d0d4b88a38",
   "metadata": {},
   "outputs": [],
   "source": [
    "ISMIP_2km_new_grid.transpose('y','x','nv4').to_netcdf(inputpath_interim + 'IMBIE_2km_stereo_withbnds.nc')"
   ]
  },
  {
   "cell_type": "code",
   "execution_count": 20,
   "id": "f9317add-fc34-4c10-a763-f80b847c991f",
   "metadata": {},
   "outputs": [
    {
     "data": {
      "text/html": [
       "<div><svg style=\"position: absolute; width: 0; height: 0; overflow: hidden\">\n",
       "<defs>\n",
       "<symbol id=\"icon-database\" viewBox=\"0 0 32 32\">\n",
       "<path d=\"M16 0c-8.837 0-16 2.239-16 5v4c0 2.761 7.163 5 16 5s16-2.239 16-5v-4c0-2.761-7.163-5-16-5z\"></path>\n",
       "<path d=\"M16 17c-8.837 0-16-2.239-16-5v6c0 2.761 7.163 5 16 5s16-2.239 16-5v-6c0 2.761-7.163 5-16 5z\"></path>\n",
       "<path d=\"M16 26c-8.837 0-16-2.239-16-5v6c0 2.761 7.163 5 16 5s16-2.239 16-5v-6c0 2.761-7.163 5-16 5z\"></path>\n",
       "</symbol>\n",
       "<symbol id=\"icon-file-text2\" viewBox=\"0 0 32 32\">\n",
       "<path d=\"M28.681 7.159c-0.694-0.947-1.662-2.053-2.724-3.116s-2.169-2.030-3.116-2.724c-1.612-1.182-2.393-1.319-2.841-1.319h-15.5c-1.378 0-2.5 1.121-2.5 2.5v27c0 1.378 1.122 2.5 2.5 2.5h23c1.378 0 2.5-1.122 2.5-2.5v-19.5c0-0.448-0.137-1.23-1.319-2.841zM24.543 5.457c0.959 0.959 1.712 1.825 2.268 2.543h-4.811v-4.811c0.718 0.556 1.584 1.309 2.543 2.268zM28 29.5c0 0.271-0.229 0.5-0.5 0.5h-23c-0.271 0-0.5-0.229-0.5-0.5v-27c0-0.271 0.229-0.5 0.5-0.5 0 0 15.499-0 15.5 0v7c0 0.552 0.448 1 1 1h7v19.5z\"></path>\n",
       "<path d=\"M23 26h-14c-0.552 0-1-0.448-1-1s0.448-1 1-1h14c0.552 0 1 0.448 1 1s-0.448 1-1 1z\"></path>\n",
       "<path d=\"M23 22h-14c-0.552 0-1-0.448-1-1s0.448-1 1-1h14c0.552 0 1 0.448 1 1s-0.448 1-1 1z\"></path>\n",
       "<path d=\"M23 18h-14c-0.552 0-1-0.448-1-1s0.448-1 1-1h14c0.552 0 1 0.448 1 1s-0.448 1-1 1z\"></path>\n",
       "</symbol>\n",
       "</defs>\n",
       "</svg>\n",
       "<style>/* CSS stylesheet for displaying xarray objects in jupyterlab.\n",
       " *\n",
       " */\n",
       "\n",
       ":root {\n",
       "  --xr-font-color0: var(--jp-content-font-color0, rgba(0, 0, 0, 1));\n",
       "  --xr-font-color2: var(--jp-content-font-color2, rgba(0, 0, 0, 0.54));\n",
       "  --xr-font-color3: var(--jp-content-font-color3, rgba(0, 0, 0, 0.38));\n",
       "  --xr-border-color: var(--jp-border-color2, #e0e0e0);\n",
       "  --xr-disabled-color: var(--jp-layout-color3, #bdbdbd);\n",
       "  --xr-background-color: var(--jp-layout-color0, white);\n",
       "  --xr-background-color-row-even: var(--jp-layout-color1, white);\n",
       "  --xr-background-color-row-odd: var(--jp-layout-color2, #eeeeee);\n",
       "}\n",
       "\n",
       "html[theme=dark],\n",
       "body[data-theme=dark],\n",
       "body.vscode-dark {\n",
       "  --xr-font-color0: rgba(255, 255, 255, 1);\n",
       "  --xr-font-color2: rgba(255, 255, 255, 0.54);\n",
       "  --xr-font-color3: rgba(255, 255, 255, 0.38);\n",
       "  --xr-border-color: #1F1F1F;\n",
       "  --xr-disabled-color: #515151;\n",
       "  --xr-background-color: #111111;\n",
       "  --xr-background-color-row-even: #111111;\n",
       "  --xr-background-color-row-odd: #313131;\n",
       "}\n",
       "\n",
       ".xr-wrap {\n",
       "  display: block !important;\n",
       "  min-width: 300px;\n",
       "  max-width: 700px;\n",
       "}\n",
       "\n",
       ".xr-text-repr-fallback {\n",
       "  /* fallback to plain text repr when CSS is not injected (untrusted notebook) */\n",
       "  display: none;\n",
       "}\n",
       "\n",
       ".xr-header {\n",
       "  padding-top: 6px;\n",
       "  padding-bottom: 6px;\n",
       "  margin-bottom: 4px;\n",
       "  border-bottom: solid 1px var(--xr-border-color);\n",
       "}\n",
       "\n",
       ".xr-header > div,\n",
       ".xr-header > ul {\n",
       "  display: inline;\n",
       "  margin-top: 0;\n",
       "  margin-bottom: 0;\n",
       "}\n",
       "\n",
       ".xr-obj-type,\n",
       ".xr-array-name {\n",
       "  margin-left: 2px;\n",
       "  margin-right: 10px;\n",
       "}\n",
       "\n",
       ".xr-obj-type {\n",
       "  color: var(--xr-font-color2);\n",
       "}\n",
       "\n",
       ".xr-sections {\n",
       "  padding-left: 0 !important;\n",
       "  display: grid;\n",
       "  grid-template-columns: 150px auto auto 1fr 20px 20px;\n",
       "}\n",
       "\n",
       ".xr-section-item {\n",
       "  display: contents;\n",
       "}\n",
       "\n",
       ".xr-section-item input {\n",
       "  display: none;\n",
       "}\n",
       "\n",
       ".xr-section-item input + label {\n",
       "  color: var(--xr-disabled-color);\n",
       "}\n",
       "\n",
       ".xr-section-item input:enabled + label {\n",
       "  cursor: pointer;\n",
       "  color: var(--xr-font-color2);\n",
       "}\n",
       "\n",
       ".xr-section-item input:enabled + label:hover {\n",
       "  color: var(--xr-font-color0);\n",
       "}\n",
       "\n",
       ".xr-section-summary {\n",
       "  grid-column: 1;\n",
       "  color: var(--xr-font-color2);\n",
       "  font-weight: 500;\n",
       "}\n",
       "\n",
       ".xr-section-summary > span {\n",
       "  display: inline-block;\n",
       "  padding-left: 0.5em;\n",
       "}\n",
       "\n",
       ".xr-section-summary-in:disabled + label {\n",
       "  color: var(--xr-font-color2);\n",
       "}\n",
       "\n",
       ".xr-section-summary-in + label:before {\n",
       "  display: inline-block;\n",
       "  content: '►';\n",
       "  font-size: 11px;\n",
       "  width: 15px;\n",
       "  text-align: center;\n",
       "}\n",
       "\n",
       ".xr-section-summary-in:disabled + label:before {\n",
       "  color: var(--xr-disabled-color);\n",
       "}\n",
       "\n",
       ".xr-section-summary-in:checked + label:before {\n",
       "  content: '▼';\n",
       "}\n",
       "\n",
       ".xr-section-summary-in:checked + label > span {\n",
       "  display: none;\n",
       "}\n",
       "\n",
       ".xr-section-summary,\n",
       ".xr-section-inline-details {\n",
       "  padding-top: 4px;\n",
       "  padding-bottom: 4px;\n",
       "}\n",
       "\n",
       ".xr-section-inline-details {\n",
       "  grid-column: 2 / -1;\n",
       "}\n",
       "\n",
       ".xr-section-details {\n",
       "  display: none;\n",
       "  grid-column: 1 / -1;\n",
       "  margin-bottom: 5px;\n",
       "}\n",
       "\n",
       ".xr-section-summary-in:checked ~ .xr-section-details {\n",
       "  display: contents;\n",
       "}\n",
       "\n",
       ".xr-array-wrap {\n",
       "  grid-column: 1 / -1;\n",
       "  display: grid;\n",
       "  grid-template-columns: 20px auto;\n",
       "}\n",
       "\n",
       ".xr-array-wrap > label {\n",
       "  grid-column: 1;\n",
       "  vertical-align: top;\n",
       "}\n",
       "\n",
       ".xr-preview {\n",
       "  color: var(--xr-font-color3);\n",
       "}\n",
       "\n",
       ".xr-array-preview,\n",
       ".xr-array-data {\n",
       "  padding: 0 5px !important;\n",
       "  grid-column: 2;\n",
       "}\n",
       "\n",
       ".xr-array-data,\n",
       ".xr-array-in:checked ~ .xr-array-preview {\n",
       "  display: none;\n",
       "}\n",
       "\n",
       ".xr-array-in:checked ~ .xr-array-data,\n",
       ".xr-array-preview {\n",
       "  display: inline-block;\n",
       "}\n",
       "\n",
       ".xr-dim-list {\n",
       "  display: inline-block !important;\n",
       "  list-style: none;\n",
       "  padding: 0 !important;\n",
       "  margin: 0;\n",
       "}\n",
       "\n",
       ".xr-dim-list li {\n",
       "  display: inline-block;\n",
       "  padding: 0;\n",
       "  margin: 0;\n",
       "}\n",
       "\n",
       ".xr-dim-list:before {\n",
       "  content: '(';\n",
       "}\n",
       "\n",
       ".xr-dim-list:after {\n",
       "  content: ')';\n",
       "}\n",
       "\n",
       ".xr-dim-list li:not(:last-child):after {\n",
       "  content: ',';\n",
       "  padding-right: 5px;\n",
       "}\n",
       "\n",
       ".xr-has-index {\n",
       "  font-weight: bold;\n",
       "}\n",
       "\n",
       ".xr-var-list,\n",
       ".xr-var-item {\n",
       "  display: contents;\n",
       "}\n",
       "\n",
       ".xr-var-item > div,\n",
       ".xr-var-item label,\n",
       ".xr-var-item > .xr-var-name span {\n",
       "  background-color: var(--xr-background-color-row-even);\n",
       "  margin-bottom: 0;\n",
       "}\n",
       "\n",
       ".xr-var-item > .xr-var-name:hover span {\n",
       "  padding-right: 5px;\n",
       "}\n",
       "\n",
       ".xr-var-list > li:nth-child(odd) > div,\n",
       ".xr-var-list > li:nth-child(odd) > label,\n",
       ".xr-var-list > li:nth-child(odd) > .xr-var-name span {\n",
       "  background-color: var(--xr-background-color-row-odd);\n",
       "}\n",
       "\n",
       ".xr-var-name {\n",
       "  grid-column: 1;\n",
       "}\n",
       "\n",
       ".xr-var-dims {\n",
       "  grid-column: 2;\n",
       "}\n",
       "\n",
       ".xr-var-dtype {\n",
       "  grid-column: 3;\n",
       "  text-align: right;\n",
       "  color: var(--xr-font-color2);\n",
       "}\n",
       "\n",
       ".xr-var-preview {\n",
       "  grid-column: 4;\n",
       "}\n",
       "\n",
       ".xr-index-preview {\n",
       "  grid-column: 2 / 5;\n",
       "  color: var(--xr-font-color2);\n",
       "}\n",
       "\n",
       ".xr-var-name,\n",
       ".xr-var-dims,\n",
       ".xr-var-dtype,\n",
       ".xr-preview,\n",
       ".xr-attrs dt {\n",
       "  white-space: nowrap;\n",
       "  overflow: hidden;\n",
       "  text-overflow: ellipsis;\n",
       "  padding-right: 10px;\n",
       "}\n",
       "\n",
       ".xr-var-name:hover,\n",
       ".xr-var-dims:hover,\n",
       ".xr-var-dtype:hover,\n",
       ".xr-attrs dt:hover {\n",
       "  overflow: visible;\n",
       "  width: auto;\n",
       "  z-index: 1;\n",
       "}\n",
       "\n",
       ".xr-var-attrs,\n",
       ".xr-var-data,\n",
       ".xr-index-data {\n",
       "  display: none;\n",
       "  background-color: var(--xr-background-color) !important;\n",
       "  padding-bottom: 5px !important;\n",
       "}\n",
       "\n",
       ".xr-var-attrs-in:checked ~ .xr-var-attrs,\n",
       ".xr-var-data-in:checked ~ .xr-var-data,\n",
       ".xr-index-data-in:checked ~ .xr-index-data {\n",
       "  display: block;\n",
       "}\n",
       "\n",
       ".xr-var-data > table {\n",
       "  float: right;\n",
       "}\n",
       "\n",
       ".xr-var-name span,\n",
       ".xr-var-data,\n",
       ".xr-index-name div,\n",
       ".xr-index-data,\n",
       ".xr-attrs {\n",
       "  padding-left: 25px !important;\n",
       "}\n",
       "\n",
       ".xr-attrs,\n",
       ".xr-var-attrs,\n",
       ".xr-var-data,\n",
       ".xr-index-data {\n",
       "  grid-column: 1 / -1;\n",
       "}\n",
       "\n",
       "dl.xr-attrs {\n",
       "  padding: 0;\n",
       "  margin: 0;\n",
       "  display: grid;\n",
       "  grid-template-columns: 125px auto;\n",
       "}\n",
       "\n",
       ".xr-attrs dt,\n",
       ".xr-attrs dd {\n",
       "  padding: 0;\n",
       "  margin: 0;\n",
       "  float: left;\n",
       "  padding-right: 10px;\n",
       "  width: auto;\n",
       "}\n",
       "\n",
       ".xr-attrs dt {\n",
       "  font-weight: normal;\n",
       "  grid-column: 1;\n",
       "}\n",
       "\n",
       ".xr-attrs dt:hover span {\n",
       "  display: inline-block;\n",
       "  background: var(--xr-background-color);\n",
       "  padding-right: 10px;\n",
       "}\n",
       "\n",
       ".xr-attrs dd {\n",
       "  grid-column: 2;\n",
       "  white-space: pre-wrap;\n",
       "  word-break: break-all;\n",
       "}\n",
       "\n",
       ".xr-icon-database,\n",
       ".xr-icon-file-text2,\n",
       ".xr-no-icon {\n",
       "  display: inline-block;\n",
       "  vertical-align: middle;\n",
       "  width: 1em;\n",
       "  height: 1.5em !important;\n",
       "  stroke-width: 0;\n",
       "  stroke: currentColor;\n",
       "  fill: currentColor;\n",
       "}\n",
       "</style><pre class='xr-text-repr-fallback'>&lt;xarray.Dataset&gt;\n",
       "Dimensions:   (nv4: 4, y: 3041, x: 3041)\n",
       "Coordinates:\n",
       "  * y         (y) int64 -3040000 -3038000 -3036000 ... 3036000 3038000 3040000\n",
       "  * x         (x) int64 -3040000 -3038000 -3036000 ... 3036000 3038000 3040000\n",
       "    lon       (y, x) float64 -135.0 -135.0 -135.0 -135.1 ... 44.96 44.98 45.0\n",
       "    lat       (y, x) float64 -51.85 -51.86 -51.87 ... -51.87 -51.86 -51.85\n",
       "Dimensions without coordinates: nv4\n",
       "Data variables:\n",
       "    lon_bnds  (nv4, y, x) float64 -135.0 -135.0 -135.0 ... 44.94 44.96 44.98\n",
       "    lat_bnds  (nv4, y, x) float64 -51.84 -51.85 -51.86 ... -51.87 -51.86 -51.85</pre><div class='xr-wrap' style='display:none'><div class='xr-header'><div class='xr-obj-type'>xarray.Dataset</div></div><ul class='xr-sections'><li class='xr-section-item'><input id='section-a6731056-08b0-43f4-9e9f-0ebbc7ecd797' class='xr-section-summary-in' type='checkbox' disabled ><label for='section-a6731056-08b0-43f4-9e9f-0ebbc7ecd797' class='xr-section-summary'  title='Expand/collapse section'>Dimensions:</label><div class='xr-section-inline-details'><ul class='xr-dim-list'><li><span>nv4</span>: 4</li><li><span class='xr-has-index'>y</span>: 3041</li><li><span class='xr-has-index'>x</span>: 3041</li></ul></div><div class='xr-section-details'></div></li><li class='xr-section-item'><input id='section-c93fd1bf-bbda-4eed-ac18-607d1e01ae7b' class='xr-section-summary-in' type='checkbox'  checked><label for='section-c93fd1bf-bbda-4eed-ac18-607d1e01ae7b' class='xr-section-summary' >Coordinates: <span>(4)</span></label><div class='xr-section-inline-details'></div><div class='xr-section-details'><ul class='xr-var-list'><li class='xr-var-item'><div class='xr-var-name'><span class='xr-has-index'>y</span></div><div class='xr-var-dims'>(y)</div><div class='xr-var-dtype'>int64</div><div class='xr-var-preview xr-preview'>-3040000 -3038000 ... 3040000</div><input id='attrs-4a0631ea-e92e-4d37-a6f7-51246d022696' class='xr-var-attrs-in' type='checkbox' disabled><label for='attrs-4a0631ea-e92e-4d37-a6f7-51246d022696' title='Show/Hide attributes'><svg class='icon xr-icon-file-text2'><use xlink:href='#icon-file-text2'></use></svg></label><input id='data-7dca2730-32de-4ba6-9205-1b76dbc9fe30' class='xr-var-data-in' type='checkbox'><label for='data-7dca2730-32de-4ba6-9205-1b76dbc9fe30' title='Show/Hide data repr'><svg class='icon xr-icon-database'><use xlink:href='#icon-database'></use></svg></label><div class='xr-var-attrs'><dl class='xr-attrs'></dl></div><div class='xr-var-data'><pre>array([-3040000, -3038000, -3036000, ...,  3036000,  3038000,  3040000])</pre></div></li><li class='xr-var-item'><div class='xr-var-name'><span class='xr-has-index'>x</span></div><div class='xr-var-dims'>(x)</div><div class='xr-var-dtype'>int64</div><div class='xr-var-preview xr-preview'>-3040000 -3038000 ... 3040000</div><input id='attrs-5cfaa64e-56a6-4505-9c15-05025b89f3a2' class='xr-var-attrs-in' type='checkbox' disabled><label for='attrs-5cfaa64e-56a6-4505-9c15-05025b89f3a2' title='Show/Hide attributes'><svg class='icon xr-icon-file-text2'><use xlink:href='#icon-file-text2'></use></svg></label><input id='data-3e2b51b4-b784-41e4-9eec-cbb8ae5d128c' class='xr-var-data-in' type='checkbox'><label for='data-3e2b51b4-b784-41e4-9eec-cbb8ae5d128c' title='Show/Hide data repr'><svg class='icon xr-icon-database'><use xlink:href='#icon-database'></use></svg></label><div class='xr-var-attrs'><dl class='xr-attrs'></dl></div><div class='xr-var-data'><pre>array([-3040000, -3038000, -3036000, ...,  3036000,  3038000,  3040000])</pre></div></li><li class='xr-var-item'><div class='xr-var-name'><span>lon</span></div><div class='xr-var-dims'>(y, x)</div><div class='xr-var-dtype'>float64</div><div class='xr-var-preview xr-preview'>-135.0 -135.0 -135.0 ... 44.98 45.0</div><input id='attrs-302610d9-6d84-438b-be7b-0d3c494e2952' class='xr-var-attrs-in' type='checkbox' disabled><label for='attrs-302610d9-6d84-438b-be7b-0d3c494e2952' title='Show/Hide attributes'><svg class='icon xr-icon-file-text2'><use xlink:href='#icon-file-text2'></use></svg></label><input id='data-8ff78bd3-815e-4e05-9d41-6bdc496af19c' class='xr-var-data-in' type='checkbox'><label for='data-8ff78bd3-815e-4e05-9d41-6bdc496af19c' title='Show/Hide data repr'><svg class='icon xr-icon-database'><use xlink:href='#icon-database'></use></svg></label><div class='xr-var-attrs'><dl class='xr-attrs'></dl></div><div class='xr-var-data'><pre>array([[-135.        , -135.0188535 , -135.0377194 , ...,  135.0377194 ,\n",
       "         135.0188535 ,  135.        ],\n",
       "       [-134.9811465 , -135.        , -135.01886591, ...,  135.01886591,\n",
       "         135.        ,  134.9811465 ],\n",
       "       [-134.9622806 , -134.98113409, -135.        , ...,  135.        ,\n",
       "         134.98113409,  134.9622806 ],\n",
       "       ...,\n",
       "       [ -45.0377194 ,  -45.01886591,  -45.        , ...,   45.        ,\n",
       "          45.01886591,   45.0377194 ],\n",
       "       [ -45.0188535 ,  -45.        ,  -44.98113409, ...,   44.98113409,\n",
       "          45.        ,   45.0188535 ],\n",
       "       [ -45.        ,  -44.9811465 ,  -44.9622806 , ...,   44.9622806 ,\n",
       "          44.9811465 ,   45.        ]])</pre></div></li><li class='xr-var-item'><div class='xr-var-name'><span>lat</span></div><div class='xr-var-dims'>(y, x)</div><div class='xr-var-dtype'>float64</div><div class='xr-var-preview xr-preview'>-51.85 -51.86 ... -51.86 -51.85</div><input id='attrs-8965773f-52af-44ef-8ce6-4738a952e1e0' class='xr-var-attrs-in' type='checkbox' disabled><label for='attrs-8965773f-52af-44ef-8ce6-4738a952e1e0' title='Show/Hide attributes'><svg class='icon xr-icon-file-text2'><use xlink:href='#icon-file-text2'></use></svg></label><input id='data-7d1e1903-0d26-420b-8b0d-c2dd71d8ee05' class='xr-var-data-in' type='checkbox'><label for='data-7d1e1903-0d26-420b-8b0d-c2dd71d8ee05' title='Show/Hide data repr'><svg class='icon xr-icon-database'><use xlink:href='#icon-database'></use></svg></label><div class='xr-var-attrs'><dl class='xr-attrs'></dl></div><div class='xr-var-data'><pre>array([[-51.84956701, -51.86123794, -51.87290582, ..., -51.87290582,\n",
       "        -51.86123794, -51.84956701],\n",
       "       [-51.86123794, -51.87291351, -51.88458602, ..., -51.88458602,\n",
       "        -51.87291351, -51.86123794],\n",
       "       [-51.87290582, -51.88458602, -51.89626318, ..., -51.89626318,\n",
       "        -51.88458602, -51.87290582],\n",
       "       ...,\n",
       "       [-51.87290582, -51.88458602, -51.89626318, ..., -51.89626318,\n",
       "        -51.88458602, -51.87290582],\n",
       "       [-51.86123794, -51.87291351, -51.88458602, ..., -51.88458602,\n",
       "        -51.87291351, -51.86123794],\n",
       "       [-51.84956701, -51.86123794, -51.87290582, ..., -51.87290582,\n",
       "        -51.86123794, -51.84956701]])</pre></div></li></ul></div></li><li class='xr-section-item'><input id='section-53dcd281-65a0-4417-aeda-66c05dcf880f' class='xr-section-summary-in' type='checkbox'  checked><label for='section-53dcd281-65a0-4417-aeda-66c05dcf880f' class='xr-section-summary' >Data variables: <span>(2)</span></label><div class='xr-section-inline-details'></div><div class='xr-section-details'><ul class='xr-var-list'><li class='xr-var-item'><div class='xr-var-name'><span>lon_bnds</span></div><div class='xr-var-dims'>(nv4, y, x)</div><div class='xr-var-dtype'>float64</div><div class='xr-var-preview xr-preview'>-135.0 -135.0 ... 44.96 44.98</div><input id='attrs-14e442df-ac7b-4959-b930-4543a0532cac' class='xr-var-attrs-in' type='checkbox' disabled><label for='attrs-14e442df-ac7b-4959-b930-4543a0532cac' title='Show/Hide attributes'><svg class='icon xr-icon-file-text2'><use xlink:href='#icon-file-text2'></use></svg></label><input id='data-b3a37aa7-0901-4aa1-9887-beb5fb97b796' class='xr-var-data-in' type='checkbox'><label for='data-b3a37aa7-0901-4aa1-9887-beb5fb97b796' title='Show/Hide data repr'><svg class='icon xr-icon-database'><use xlink:href='#icon-database'></use></svg></label><div class='xr-var-attrs'><dl class='xr-attrs'></dl></div><div class='xr-var-data'><pre>array([[[-135.        , -135.0188473 , -135.03770699, ...,\n",
       "          135.05657909,  135.03770699,  135.0188473 ],\n",
       "        [-134.9811527 , -135.        , -135.0188597 , ...,\n",
       "          135.03773182,  135.0188597 ,  135.        ],\n",
       "        [-134.96229301, -134.9811403 , -135.        , ...,\n",
       "          135.01887213,  135.        ,  134.9811403 ],\n",
       "        ...,\n",
       "        [ -45.05657909,  -45.03773182,  -45.01887213, ...,\n",
       "           45.        ,   45.01887213,   45.03773182],\n",
       "        [ -45.03770699,  -45.0188597 ,  -45.        , ...,\n",
       "           44.98112787,   45.        ,   45.0188597 ],\n",
       "        [ -45.0188473 ,  -45.        ,  -44.9811403 , ...,\n",
       "           44.96226818,   44.9811403 ,   45.        ]],\n",
       "\n",
       "       [[-135.0188473 , -135.03770699, -135.05657909, ...,\n",
       "          135.03770699,  135.0188473 ,  135.        ],\n",
       "        [-135.        , -135.0188597 , -135.03773182, ...,\n",
       "          135.0188597 ,  135.        ,  134.9811527 ],\n",
       "        [-134.9811403 , -135.        , -135.01887213, ...,\n",
       "          135.        ,  134.9811403 ,  134.96229301],\n",
       "...\n",
       "        [ -45.0188597 ,  -45.        ,  -44.98112787, ...,\n",
       "           45.        ,   45.0188597 ,   45.03770699],\n",
       "        [ -45.        ,  -44.9811403 ,  -44.96226818, ...,\n",
       "           44.9811403 ,   45.        ,   45.0188473 ],\n",
       "        [ -44.9811527 ,  -44.96229301,  -44.94342091, ...,\n",
       "           44.96229301,   44.9811527 ,   45.        ]],\n",
       "\n",
       "       [[-134.9811527 , -135.        , -135.0188597 , ...,\n",
       "          135.03773182,  135.0188597 ,  135.        ],\n",
       "        [-134.96229301, -134.9811403 , -135.        , ...,\n",
       "          135.01887213,  135.        ,  134.9811403 ],\n",
       "        [-134.94342091, -134.96226818, -134.98112787, ...,\n",
       "          135.        ,  134.98112787,  134.96226818],\n",
       "        ...,\n",
       "        [ -45.03770699,  -45.0188597 ,  -45.        , ...,\n",
       "           44.98112787,   45.        ,   45.0188597 ],\n",
       "        [ -45.0188473 ,  -45.        ,  -44.9811403 , ...,\n",
       "           44.96226818,   44.9811403 ,   45.        ],\n",
       "        [ -45.        ,  -44.9811527 ,  -44.96229301, ...,\n",
       "           44.94342091,   44.96229301,   44.9811527 ]]])</pre></div></li><li class='xr-var-item'><div class='xr-var-name'><span>lat_bnds</span></div><div class='xr-var-dims'>(nv4, y, x)</div><div class='xr-var-dtype'>float64</div><div class='xr-var-preview xr-preview'>-51.84 -51.85 ... -51.86 -51.85</div><input id='attrs-fa96317e-6847-407e-9246-625aa96a959d' class='xr-var-attrs-in' type='checkbox' disabled><label for='attrs-fa96317e-6847-407e-9246-625aa96a959d' title='Show/Hide attributes'><svg class='icon xr-icon-file-text2'><use xlink:href='#icon-file-text2'></use></svg></label><input id='data-2516e8b3-3cc6-4fd4-98d4-8defed065b08' class='xr-var-data-in' type='checkbox'><label for='data-2516e8b3-3cc6-4fd4-98d4-8defed065b08' title='Show/Hide data repr'><svg class='icon xr-icon-database'><use xlink:href='#icon-database'></use></svg></label><div class='xr-var-attrs'><dl class='xr-attrs'></dl></div><div class='xr-var-data'><pre>array([[[-51.83789496, -51.84956509, -51.86123218, ..., -51.87289621,\n",
       "         -51.86123218, -51.84956509],\n",
       "        [-51.84956509, -51.86123986, -51.87291158, ..., -51.88458026,\n",
       "         -51.87291158, -51.86123986],\n",
       "        [-51.86123218, -51.87291158, -51.88458795, ..., -51.89626126,\n",
       "         -51.88458795, -51.87291158],\n",
       "        ...,\n",
       "        [-51.87289621, -51.88458026, -51.89626126, ..., -51.90793922,\n",
       "         -51.89626126, -51.88458026],\n",
       "        [-51.86123218, -51.87291158, -51.88458795, ..., -51.89626126,\n",
       "         -51.88458795, -51.87291158],\n",
       "        [-51.84956509, -51.86123986, -51.87291158, ..., -51.88458026,\n",
       "         -51.87291158, -51.86123986]],\n",
       "\n",
       "       [[-51.84956509, -51.86123218, -51.87289621, ..., -51.86123218,\n",
       "         -51.84956509, -51.83789496],\n",
       "        [-51.86123986, -51.87291158, -51.88458026, ..., -51.87291158,\n",
       "         -51.86123986, -51.84956509],\n",
       "        [-51.87291158, -51.88458795, -51.89626126, ..., -51.88458795,\n",
       "         -51.87291158, -51.86123218],\n",
       "...\n",
       "        [-51.87291158, -51.88458795, -51.89626126, ..., -51.88458795,\n",
       "         -51.87291158, -51.86123218],\n",
       "        [-51.86123986, -51.87291158, -51.88458026, ..., -51.87291158,\n",
       "         -51.86123986, -51.84956509],\n",
       "        [-51.84956509, -51.86123218, -51.87289621, ..., -51.86123218,\n",
       "         -51.84956509, -51.83789496]],\n",
       "\n",
       "       [[-51.84956509, -51.86123986, -51.87291158, ..., -51.88458026,\n",
       "         -51.87291158, -51.86123986],\n",
       "        [-51.86123218, -51.87291158, -51.88458795, ..., -51.89626126,\n",
       "         -51.88458795, -51.87291158],\n",
       "        [-51.87289621, -51.88458026, -51.89626126, ..., -51.90793922,\n",
       "         -51.89626126, -51.88458026],\n",
       "        ...,\n",
       "        [-51.86123218, -51.87291158, -51.88458795, ..., -51.89626126,\n",
       "         -51.88458795, -51.87291158],\n",
       "        [-51.84956509, -51.86123986, -51.87291158, ..., -51.88458026,\n",
       "         -51.87291158, -51.86123986],\n",
       "        [-51.83789496, -51.84956509, -51.86123218, ..., -51.87289621,\n",
       "         -51.86123218, -51.84956509]]])</pre></div></li></ul></div></li><li class='xr-section-item'><input id='section-31d23964-3a90-493b-904d-c930bd1527a2' class='xr-section-summary-in' type='checkbox'  ><label for='section-31d23964-3a90-493b-904d-c930bd1527a2' class='xr-section-summary' >Indexes: <span>(2)</span></label><div class='xr-section-inline-details'></div><div class='xr-section-details'><ul class='xr-var-list'><li class='xr-var-item'><div class='xr-index-name'><div>y</div></div><div class='xr-index-preview'>PandasIndex</div><div></div><input id='index-b6011b14-f97b-46d8-b086-5db4237c5466' class='xr-index-data-in' type='checkbox'/><label for='index-b6011b14-f97b-46d8-b086-5db4237c5466' title='Show/Hide index repr'><svg class='icon xr-icon-database'><use xlink:href='#icon-database'></use></svg></label><div class='xr-index-data'><pre>PandasIndex(Index([-3040000, -3038000, -3036000, -3034000, -3032000, -3030000, -3028000,\n",
       "       -3026000, -3024000, -3022000,\n",
       "       ...\n",
       "        3022000,  3024000,  3026000,  3028000,  3030000,  3032000,  3034000,\n",
       "        3036000,  3038000,  3040000],\n",
       "      dtype=&#x27;int64&#x27;, name=&#x27;y&#x27;, length=3041))</pre></div></li><li class='xr-var-item'><div class='xr-index-name'><div>x</div></div><div class='xr-index-preview'>PandasIndex</div><div></div><input id='index-3a39fa78-5d9c-4525-903b-852ad85d2316' class='xr-index-data-in' type='checkbox'/><label for='index-3a39fa78-5d9c-4525-903b-852ad85d2316' title='Show/Hide index repr'><svg class='icon xr-icon-database'><use xlink:href='#icon-database'></use></svg></label><div class='xr-index-data'><pre>PandasIndex(Index([-3040000, -3038000, -3036000, -3034000, -3032000, -3030000, -3028000,\n",
       "       -3026000, -3024000, -3022000,\n",
       "       ...\n",
       "        3022000,  3024000,  3026000,  3028000,  3030000,  3032000,  3034000,\n",
       "        3036000,  3038000,  3040000],\n",
       "      dtype=&#x27;int64&#x27;, name=&#x27;x&#x27;, length=3041))</pre></div></li></ul></div></li><li class='xr-section-item'><input id='section-7f321858-a09a-4602-8371-20a4f3602025' class='xr-section-summary-in' type='checkbox' disabled ><label for='section-7f321858-a09a-4602-8371-20a4f3602025' class='xr-section-summary'  title='Expand/collapse section'>Attributes: <span>(0)</span></label><div class='xr-section-inline-details'></div><div class='xr-section-details'><dl class='xr-attrs'></dl></div></li></ul></div></div>"
      ],
      "text/plain": [
       "<xarray.Dataset>\n",
       "Dimensions:   (nv4: 4, y: 3041, x: 3041)\n",
       "Coordinates:\n",
       "  * y         (y) int64 -3040000 -3038000 -3036000 ... 3036000 3038000 3040000\n",
       "  * x         (x) int64 -3040000 -3038000 -3036000 ... 3036000 3038000 3040000\n",
       "    lon       (y, x) float64 -135.0 -135.0 -135.0 -135.1 ... 44.96 44.98 45.0\n",
       "    lat       (y, x) float64 -51.85 -51.86 -51.87 ... -51.87 -51.86 -51.85\n",
       "Dimensions without coordinates: nv4\n",
       "Data variables:\n",
       "    lon_bnds  (nv4, y, x) float64 -135.0 -135.0 -135.0 ... 44.94 44.96 44.98\n",
       "    lat_bnds  (nv4, y, x) float64 -51.84 -51.85 -51.86 ... -51.87 -51.86 -51.85"
      ]
     },
     "execution_count": 20,
     "metadata": {},
     "output_type": "execute_result"
    }
   ],
   "source": [
    "ISMIP_2km_new_grid"
   ]
  },
  {
   "cell_type": "code",
   "execution_count": 22,
   "id": "99be201f-9437-4827-9c41-1a19f6dfcb31",
   "metadata": {},
   "outputs": [
    {
     "data": {
      "text/plain": [
       "12164"
      ]
     },
     "execution_count": 22,
     "metadata": {},
     "output_type": "execute_result"
    }
   ],
   "source": [
    "4*3041"
   ]
  },
  {
   "cell_type": "code",
   "execution_count": 19,
   "id": "98a55b15-8a61-400c-bc5a-866c583a9ecf",
   "metadata": {},
   "outputs": [
    {
     "data": {
      "text/plain": [
       "<matplotlib.collections.QuadMesh at 0x153e464e1820>"
      ]
     },
     "execution_count": 19,
     "metadata": {},
     "output_type": "execute_result"
    },
    {
     "data": {
